	Endothelial	Epithelial	Fibroblasts	Immune	Muscle	Myofibroblast_Mesothelium	Neural	Pericytes
CTATCGGGTCTCAACA-1	0.15569361967616602	0.02855880287961263	0.3778233019667373	0.15318400777679103	0.023273969595836403	0.031590930455463156	0.140755196661464	0.08912017098792954
TCGAGACCAACACCGT-1	0.10822918933002891	0.03439192621391468	0.3226930644426313	0.07269535492267477	0.13111063675861073	0.04647492689808688	0.24755103074304274	0.03685387069100999
GATGCGTCCTGCATTC-1	0.05523324864199204	0.03434174006097793	0.3302625948917369	0.015564861554887973	0.2643205503056541	0.06710994881959782	0.17881122142804554	0.054355834297107705
GCATAGAGCACTCAGG-1	0.007204176393161908	0.03719846960518458	0.1724527242588505	0.05626934945310275	0.3078138050446495	0.07013927157086038	0.3337154963784763	0.01520670729571407
GCAGATTAGGGATATC-1	0.019067890292779565	0.054438044343449926	0.1780890121764765	0.0023783601503708863	0.1939734276618369	0.0871364102332975	0.45005211133366346	0.014864743808125365
CAATTTCGTATAAGGG-1	0.007261581722777364	0.0566675891848671	0.2604437425318696	0.0025613647719506675	0.15762281449698348	0.05050868036023116	0.45026702684073855	0.01466720009058203
CCAGCCTGGACCAATA-1	0.021438307655015927	0.03739690002733496	0.430677367312115	0.036591528716781625	0.14866295864384463	0.05233495057216653	0.1946842785723051	0.07821370850043631
ATGGAGCAGGCCGTGA-1	0.21651427536768406	0.0352805328234051	0.3782389599498388	0.22925064997158398	0.02070573284016073	0.03200964387190826	0.05705599410349261	0.03094421107192643
GTCATTAGAGCGAACG-1	0.04991152549372355	0.03693726310464226	0.50594964476528	0.13065098271370562	0.11500397600156771	0.04854643275126898	0.09864263846258242	0.014357536707229304
AAGACTGCAAGCTACT-1	0.349450554047713	0.023511238138051116	0.3160444689301167	0.04916768478527121	0.006625895085795051	0.02444383622064898	0.026318793484646753	0.2044375293077572
CTAGTCACGTCTTAAG-1	0.2011368349808637	0.026756686891482823	0.3326987726102466	0.1099258510653369	0.009501722577990188	0.02813427167619485	0.09035474634100041	0.20149111385688462
ACTCTTGTATAGTAAC-1	0.14609065328601667	0.025719022737773305	0.2966542005100755	0.14400691846331762	0.008512069887209737	0.02459125725826983	0.1795364726443429	0.1748894052129944
GAAGTGATTTATCGTG-1	0.007031101734961498	0.04447419152565946	0.2196167569341212	0.04300018715437687	0.22302387325443374	0.05967077599902617	0.38690869981672843	0.016274413580692686
CCACACTGAGATATTA-1	0.01349837260374881	0.037991989955138465	0.23677522315305655	0.001397297155471565	0.3426231538144997	0.10739319459949917	0.24409755464940408	0.01622321406918155
CGATCCGACCCAGTGC-1	0.047998379585531915	0.04130950786245513	0.35736489895042267	0.14411202514719515	0.18016787930847203	0.05729807622014159	0.15586857106428498	0.01588066186149656
CTGTACTTCTTAGCAT-1	0.023218631527801396	0.02801743235493066	0.6101709534555364	0.10300083453050794	0.09814134339002768	0.057889545449503504	0.06559659449801888	0.013964664793673648
ACTTATTAGGATCGGT-1	0.05271210096216607	0.04271851489342156	0.21664505326179107	0.03483691786221202	0.15634410078944277	0.06907981006098653	0.3915832896931544	0.036080212476825635
TAGTCCGCAGAGAATG-1	0.044108334309910395	0.032664271802681576	0.6914622297249423	0.062084846946263095	0.01126419378496605	0.05016539113862656	0.08897969308010713	0.019271039212502877
TTCACGAAAGGATCAC-1	0.04449135791157189	0.036639324376009086	0.259647444349544	0.0014594690107983014	0.32412534598834497	0.11348389141679431	0.2037066779657786	0.016446488981158757
TACATTTCTAACGTGC-1	0.3897254368721973	0.02230196521165585	0.4820596321881273	0.040261621968053656	0.006389974817853529	0.02701180602514108	0.01884500167389698	0.013404561243074277
ACCATATCCGCAATAA-1	0.05564980442853244	0.03621707208250379	0.43280119706261505	0.059971379076382385	0.23585237891448407	0.06559879639347346	0.09949227249076235	0.01441709955124653
CACTCAAGAGCTATGG-1	0.05926102546357427	0.02255575600374549	0.6030938988900509	0.039001367067874375	0.009877127746963848	0.15213843981273187	0.09734368318174333	0.01672870183331575
TGTACGAACAAATCCG-1	0.006591402088306044	0.03402106310137506	0.6065657114087045	0.08828550439721207	0.09941643676386899	0.050487155263459364	0.09650221123789991	0.018130515739173965
ATCATCCAATATTTGT-1	0.23067480289491357	0.03409409260466243	0.3763154371186029	0.15576210630809048	0.009854329485271823	0.13996666278681646	0.03779846909277713	0.015534099708865039
CGCTATTCTTAGGCTC-1	0.03734389052438684	0.028883759614116017	0.549416424184078	0.020450677784305385	0.15216483773325934	0.0660203929664247	0.1316152588235681	0.014104758369861465
TGGCAGCAGTAATAGT-1	0.3737869187549753	0.029194254162023082	0.39786395753900156	0.048869954650145354	0.0073289458278906145	0.028440628474249524	0.056387644769792584	0.05812769582192194
TCACGTGCCCGATTCA-1	0.006697120130830257	0.046465223735841985	0.26235333212194867	0.0019630756373737366	0.2465133070980167	0.1060339409487496	0.3130042462928892	0.016969754034349905
CATACGGCGTCTGGGC-1	0.22510460544023045	0.026200588855109036	0.6218328442169183	0.018397061885396852	0.03690062055272938	0.03675772692886491	0.018870687546278478	0.01593586457447267
CACATGATTCAGCAAC-1	0.007160114556776779	0.036066480270040384	0.21490660362020583	0.02372226194159276	0.45321822671247297	0.10968605528143129	0.14058753792212605	0.014652719695353927
GCTAGTAGAGCTTGTA-1	0.006303920876089845	0.041082909142741035	0.3633017931409943	0.01922606867793591	0.12828066762300055	0.08769519833302276	0.3010264047453259	0.053083037460889826
TGCTGTTGAAGAACTC-1	0.007289537997288029	0.054676723010636225	0.1985192844440751	0.0024781988305517047	0.2906625056559038	0.1123331158889162	0.3173237092152406	0.016716924957388305
CGGAGCATGGCGATCC-1	0.007596466269974189	0.04552486889921884	0.12483463079841804	0.0018820562109647452	0.49519349686627756	0.12028056889649448	0.18917432668549006	0.015513585373162133
TAGCGTTGGGTCTTAC-1	0.06126855723549333	0.045624726283698444	0.3910942188698974	0.027538527948345125	0.18567722937320374	0.06095836289241453	0.20912626807544143	0.018712109321506052
GTAGCGGCTATACACT-1	0.016563202439210115	0.05773120261059642	0.19778628681615684	0.0026056670413076655	0.0986902239898903	0.0405661404568744	0.5708042638142626	0.01525301283170159
TAACATACAATGTGGG-1	0.16850324455007817	0.03667919687377653	0.3493984620805827	0.20378131247461076	0.07753235338400111	0.04146286936355541	0.10898142280771603	0.013661138465679306
TCTTCGAATAGACGTT-1	0.15027620846968792	0.03418734430478304	0.42112710340427184	0.06752839587175359	0.07877978636879643	0.040864104031141615	0.13162620835489452	0.07561084919467106
TCCTAGCAAAGAAGCT-1	0.03471977030498742	0.03933972440340978	0.27764456555902933	0.0016387394068904282	0.25177093866820693	0.07376386223414237	0.3055805626120036	0.015541836811330008
GATGTTCAATCCACGA-1	0.12250207812716205	0.03228119529141917	0.5158147088784693	0.03171575380444106	0.07248753685379743	0.04091847109172065	0.13309907157159143	0.051181184381398945
AGTTAAACACTTGCGA-1	0.007689674961419758	0.0511018590415736	0.12409517817623167	0.028915571723173966	0.2595074786448243	0.06286219776721409	0.4510577743834236	0.014770265302139074
AGCTCTTTACTCAGTT-1	0.16110762855804153	0.0232665395845263	0.5576866993002412	0.0011857274945444255	0.0182114740021655	0.1815549194069382	0.04278267790057114	0.014204333752971733
ATCCAGGATTCGTGAA-1	0.05385502256974101	0.030562974980150336	0.4932746597840389	0.0008081807867978946	0.13957879966600786	0.10078706263663256	0.16589785969756793	0.015235439879063516
AGTCAACACCACCATC-1	0.20076933172438538	0.03351347198082385	0.39444744006490984	0.11081360596539397	0.010327687666004125	0.22149762058271272	0.014106812399830694	0.014524029615939436
CGATACCTCGCGGACA-1	0.15459647581932023	0.025723152777539542	0.5966342057313957	0.05274642116864184	0.0445216133199385	0.03757479856159238	0.07392650587273078	0.014276826748841061
TACAACGCACAACTCA-1	0.2879687465596749	0.02550958207273737	0.24992113536569865	0.060238126415779386	0.008939642930720434	0.35100875232317474	0.00301387408193115	0.013400140250283427
AATTAAAGGTCGGCGT-1	0.1995392178085188	0.0279733766977304	0.6098741724964375	0.02855452628079108	0.009082499954178057	0.10508731029366863	0.003855748249933404	0.016033148218742178
TACGCAGTTCTTTCCT-1	0.23326205802665329	0.05735949733496932	0.3366732044786427	0.08930440708556613	0.009841629177858168	0.25503517122400354	0.0036993624065595875	0.014824670265747252
GACCGTGCTGACGGTG-1	0.20530083301539448	0.02207268518543811	0.44499791724549237	0.04946637883256539	0.009943804272778752	0.24860046160046556	0.0028630567260291267	0.016754863121836282
GGCAAATTACTTTACT-1	0.15081747100949308	0.13117228522881547	0.3142364482065278	0.032143796566521415	0.00958371023706308	0.2766443359686875	0.011940193099616385	0.07346175968327526
GGTACAAACATGCTAT-1	0.3140585278457861	0.03194106392861292	0.24697347549174667	0.0014655481211389367	0.007657078851300054	0.23098169326784437	0.036485550517821375	0.1304370619757495
CGGGCCTTCTTTGTAA-1	0.07089523438997195	0.2624955141949429	0.2087665007256617	0.060500536773064564	0.010074622302496871	0.36968663186126044	0.006806604417199446	0.010774355335402188
CGTGAAGTTAATTCAC-1	0.10037270525705543	0.02675924299947177	0.49846608405763226	0.045598474439110574	0.01152534858568086	0.26882397436674343	0.029963161021993825	0.018491009272311773
ATAGTGAAGCGTTCTC-1	0.07127188008741515	0.1402106992108439	0.33637391426223895	0.08853288359353391	0.010650888332916619	0.29439421729093707	0.010778918644299185	0.047786598577815184
TACGCCATATTCTAAT-1	0.08184557357332785	0.09599191933133519	0.46069125084848445	0.04171307694608529	0.008860343674770215	0.2491465859263772	0.04250562788841608	0.019245621811203723
GCCGGGTTAGGGTCGC-1	0.10491643827547471	0.38107097215738733	0.1840705703360983	0.001530052439288752	0.008208703507807686	0.28489970102179074	0.025348096785480324	0.009955465476671962
TACATAGGCATACACC-1	0.014086607466315387	0.03439942476655008	0.4119216455532685	0.05195184851421547	0.011357195554077257	0.34830821749598506	0.1070333776394019	0.020941683010186517
GCCGATTGGCCAAGCT-1	0.20546209265527982	0.04940934446353611	0.31626303853383936	0.05414964850438986	0.012892818282518927	0.3288080286789698	0.0030638940360293164	0.029951134845436916
CTGCCATGCATCACAT-1	0.13157356782471719	0.031210848539678017	0.5319380631912767	0.03530382174223091	0.011641563681017332	0.15537803267417868	0.08144301119071642	0.02151109115618489
TTATGAATGAAAGGGA-1	0.25635070043061126	0.038669060466597266	0.3171852063269327	0.03150500161709845	0.02336680098594324	0.1817517392218343	0.1391941713479522	0.011977319603030577
GCTGAGGCGTGAGTAT-1	0.23177643974136414	0.03242593864495478	0.4866994836642312	0.14392216114135895	0.010041917880576307	0.0585900502263317	0.02123462324738697	0.015309385453795999
GCGCCGTTCCACGATA-1	0.15701727372716356	0.04037724568292672	0.42097379389570594	0.009779909701700423	0.04865523620007816	0.23717137458226673	0.07025295629193234	0.015772209918226254
CGCATGGTGCGATGCT-1	0.005356548634875719	0.029945528623615766	0.6140508401886798	0.10198660464421601	0.0719797830890347	0.045301887916578173	0.11331439582060696	0.018064411082392845
AGGTTTCACACACCTT-1	0.0076863481094801905	0.03292140333920314	0.6921999487802678	0.04569922008207922	0.08569154213139063	0.05232844411805217	0.06293582096497542	0.02053727247455143
CAAGGATCGCATGTTC-1	0.0072987149401130425	0.04538992493305856	0.15120827376512053	0.0018849106848468238	0.37185290474279414	0.08053587620790394	0.30858473655293517	0.033244658173227914
ACGTTAATGTCGAAGA-1	0.00880123773285477	0.045144450258794794	0.13912296780738212	0.018998688000688168	0.36576354805802497	0.07870262672081135	0.32863088528907514	0.014835596132368697
TCCAGAGCACCGGTTC-1	0.21538715332066313	0.0325122001256179	0.33565463100375303	0.10044755852444864	0.1393757867069422	0.10741126092247316	0.05462307983852851	0.014588329557573346
GATTCGACGGTTCACG-1	0.12880316433997155	0.03468674044006154	0.32650413842613807	0.30878223160447327	0.06185799088841328	0.03816054970178405	0.08680660856448538	0.014398576034672936
GTTTCTGCAGTCTCCC-1	0.050519390961368524	0.03698084041447158	0.47687813101084214	0.11962616759535338	0.010301956761091986	0.03847919426351331	0.09015912910240555	0.17705518989095356
GCTGCACGGTTTCTTA-1	0.1414927772430536	0.024119818643506114	0.506362205832068	0.15436020364487696	0.009490311581267228	0.030691678646281265	0.034618311327993236	0.0988646930809535
GTGTTACTATGCGTCC-1	0.14216887705106743	0.033600001152029116	0.41748949335309626	0.15721661875528095	0.06408841201653113	0.04071638795249836	0.12813123902481288	0.01658897069468392
CTCCGCCCACATGAGG-1	0.05417576208364155	0.04256838124838895	0.27234431145435734	0.09202900509230413	0.23518775887869206	0.07805140150664716	0.20990122646062084	0.015742153275347972
GTTGAACCGGTTCCAT-1	0.007762332007673965	0.05616986147492692	0.1261068849855038	0.013903072252018773	0.26419420666301974	0.06448387226520508	0.4522437048432128	0.01513606550843888
TTGACTACCATATGGT-1	0.19118533430370696	0.028930506837886213	0.49327410644171393	0.11745608334019376	0.00942807610163759	0.08519053612777551	0.03323093858333404	0.0413044182637519
ACCATCGTATATGGTA-1	0.24544219040064247	0.02862487630021522	0.5000314089469505	0.0224939320837138	0.00794464165548217	0.03141864587735191	0.0813998495947075	0.08264445514093634
TGCGTAAGAACCTGAT-1	0.33353066360428607	0.038200150889008994	0.3202156198734311	0.04770127093554838	0.008222635303448404	0.22974988103621513	0.008860566108572892	0.013519212249488925
AGAAGGTTGCCGAATT-1	0.27644983039575177	0.0226264803020343	0.3785932122256449	0.001577391104657721	0.007777683427056231	0.24479358749439672	0.01013381485592852	0.05804800019452982
AGGACGACCCATTAGA-1	0.12383775180892594	0.03601312815176333	0.19782017290673412	0.23197059157655694	0.012581162756368214	0.36213171792509347	0.021013569812340236	0.01463190506221764
GGTGCTGGTACACATT-1	0.03092132471089164	0.03629713531730485	0.29132935196461196	0.04097477934144337	0.012193658452661486	0.5185505440674453	0.05422822239584994	0.015504983749791586
GCGCTATGCCGAGGCA-1	0.016366320335886555	0.3860478388745371	0.2916288617755044	0.04293111067293362	0.010237678329620272	0.20755449659988318	0.031304244924106384	0.013929448487528525
ACCCGGTTACACTTCC-1	0.0109868083629147	0.1009765941250472	0.3401423449781907	0.0409974629686621	0.03636779940670387	0.4433122079730227	0.010727325243185256	0.016489456942273474
TAACTCATCCGCGCGG-1	0.028036615945352977	0.4102101232568302	0.1933914333992461	0.0011518613730009191	0.008938168313879986	0.34031165404530195	0.008780447506151695	0.009179696160236032
CACAATGAGCTGCTAT-1	0.009822180730984124	0.4341981091611948	0.34603762900504786	0.0011832732742972653	0.00895868042032716	0.1794274944910191	0.009327641784586683	0.01104499113254297
GTTACTTTGGGCCTAG-1	0.0519593770462535	0.458244232569397	0.18455042379803355	0.001431598336502837	0.008359107535307912	0.2772176833462763	0.00958866740929151	0.008648909958937377
GGGCCCGTCTTAAACA-1	0.07291661109255045	0.5501438399496599	0.1820260273362669	0.010037295379577276	0.007404756277856152	0.15756950393669697	0.012342216692219483	0.0075597493351727725
GAAATTGTCTCTATAA-1	0.010570243042466137	0.5438377814547883	0.2706327711138873	0.0013470168275052717	0.03679064522065314	0.11642981617701226	0.009662417686703121	0.010729308476984384
GGCGCATGAATTGATG-1	0.19104540987088212	0.2806777348797112	0.17619593904045738	0.013732765272783262	0.0090935731466373	0.31273894275969766	0.006823117866045088	0.009692517163786102
CATATAGGTACAGTCA-1	0.053920725467271315	0.5687473045704214	0.2558969746908972	0.00214572986116256	0.01163801687556664	0.03438297513482885	0.035996663313866625	0.03727161008598533
TCAACGAGGAGACAAA-1	0.08295669665725013	0.5617093933334234	0.18277185597502565	0.0015488933005926666	0.02643244484248727	0.12592206243716195	0.011705482018865704	0.006953171435193239
TTGCACAATTCAGAAA-1	0.06067950716513804	0.5491006944579776	0.15421786684652328	0.0011026931331896115	0.006168918971177704	0.2043116050686957	0.015522102749561832	0.008896611607736271
CATCGGACGGGTTAAT-1	0.02502378972015232	0.5365355827943967	0.1651824045303675	0.0015210454635885837	0.008000892871508805	0.2437513657188674	0.012431658563925809	0.007553260337192721
ATTAAACATGCGGACC-1	0.09343774460090637	0.432607101715264	0.18841650515167072	0.05144558042588433	0.00793732648130865	0.19243710329436267	0.006682448099697698	0.02703619023090546
TATCTACCACAGCGGG-1	0.15853991075622278	0.2828352175914435	0.2339825350381945	0.0015930377030213335	0.008126573771735968	0.2969742980446785	0.006919333773495348	0.011029093321208055
CGAGACCCTAGAGTGT-1	0.07248906509534771	0.5689198480651888	0.22203464297266257	0.04019234586222719	0.0073989712697556725	0.07572891873709367	0.007523468172505738	0.005712739825218417
ACATCGATCGTTTACC-1	0.03326474505041311	0.21151947493908724	0.31481757730284177	0.0007888589995824132	0.00908792318315559	0.41433201115912005	0.005455275364040131	0.010734134001759557
ATCGACCCAATACAGA-1	0.06856990015187685	0.3134329547031755	0.1954045728901751	0.013412162405456039	0.009221647557116828	0.37895546047874884	0.009642053681287689	0.011361248132163161
GAATCTGAACATTCTC-1	0.1298725910356488	0.07150673562051647	0.5067218211772762	0.030692131534773986	0.010882701475034319	0.21613908331795853	0.015800464294159967	0.018384471544631818
AGTTCCTATTTATGTT-1	0.16639140263871122	0.02611153410176774	0.38606042334520324	0.05068085005764966	0.009796362035017894	0.3112808125074403	0.021988045469140946	0.02769056984506904
CAGTCTGTATACTGGG-1	0.36356084007603273	0.03367742389967318	0.44587106903307755	0.043286327286319516	0.008522354720983885	0.05737982692796659	0.004518277412004158	0.043183880643942504
GGAGACGACACCTTTG-1	0.06619967713870435	0.0411486499230963	0.6823092688851984	0.06710206589974574	0.012308884410625054	0.042774615807219994	0.04289110694044043	0.04526573099496976
CCTAAATTAACGGTTC-1	0.08501999770683322	0.04019814967077685	0.472482020189097	0.01783695703138405	0.055451152794440885	0.04375673310113524	0.1896207179996445	0.09563427150668817
GCTACGACTTATTGGG-1	0.03470903641730988	0.0501202726808593	0.2692284439114	0.016587850980351405	0.2016454910864103	0.12605175806462246	0.28480399476683915	0.0168531520922075
CTGTGCAGGGTAGGTC-1	0.008950936565384102	0.04514771409459951	0.3061566261267337	0.04813940613338764	0.2760024490056038	0.11724348539545888	0.18154335121247697	0.016816031466355418
ACGCCGCTAGACGACC-1	0.11924448771917347	0.02988766055389141	0.2911828167824483	0.19012295362916032	0.16785086029710317	0.05148095736305202	0.09212159710854942	0.058108666546621994
ACTTGACTCCCTCTTT-1	0.2177400701951572	0.027442190199494402	0.4446540834045662	0.21103270154276443	0.018101599316392214	0.06119470255442024	0.003879311119070766	0.015955341668134428
CGCCTCCCTCCTCTAT-1	0.12449026565103963	0.024061311573046733	0.5864937015964689	0.0402819229510857	0.04336051453173204	0.04588619177594778	0.031917947096003554	0.10350814482467582
TTGAGAGTACTGCTAA-1	0.029486329671363734	0.04643034615361569	0.2307197766933695	0.04492828436156435	0.232947534140735	0.0791638706958333	0.319982358172196	0.016341500111322533
GCCACAATTTAAGGAC-1	0.18080189491151474	0.03914620064047754	0.3979349639129068	0.06525341812512683	0.0779573558579828	0.04414755549719594	0.08901362740767169	0.10574498364712358
ATATTCAGTTAAACCT-1	0.2783215040256219	0.026809342316138744	0.395028365774573	0.06620669966151832	0.08346243747541499	0.04007495784705483	0.036586794246539704	0.07350989865313841
TGAGTGCCTCTTAAAT-1	0.13142803493566504	0.22150131105452645	0.3468204952920835	0.05205081482565505	0.008387063375481505	0.21212304353213837	0.014360848169357725	0.013328388815092495
ATCAGACGGCACGCCG-1	0.041385597802522024	0.027645536422438086	0.37319466215615604	0.13125343657221195	0.012947580434002032	0.3936532556369272	0.0027729371430891803	0.01714699383265359
GTGCGAAATCGAACAC-1	0.12424341383218952	0.03876728878794017	0.19512493803172506	0.13966422474301918	0.011798371191111249	0.46484209478672545	0.010495505327925475	0.015064163299363909
GTGCCGCTTCAAAGGT-1	0.0139014176472628	0.041689539515090634	0.3000712251457928	0.08083810546165132	0.012802727398315717	0.5180234823095098	0.014532301240697928	0.018141201281679106
GATACGATGGGAGTCA-1	0.025979973661762207	0.30726694290959955	0.24442263140367856	0.018238104749242142	0.0099269844605036	0.3733436275904394	0.0105709866332147	0.010250748591559986
GACACTGAGTTCAGTG-1	0.10172659546097618	0.3687010913589695	0.17775312889894884	0.0014956226110955895	0.008359980015355586	0.3244322310182854	0.008106086556962353	0.009425264079406574
ATCCTGCGTGGAATGG-1	0.011731712331272393	0.5395160660966374	0.18467183628512748	0.0014474391066406581	0.048546270557347684	0.19484086306167592	0.011203099500848926	0.008042713060449555
ATCCTACCTAAGCTCT-1	0.025615441984276163	0.6448531381124817	0.21032599033964597	0.006986885561944852	0.007388927589618698	0.05664707660539856	0.03296594938823507	0.015216590418398944
AGTGATATGAGTAGTT-1	0.02921007635237918	0.5306885003946704	0.25237000343216953	0.06172121277049815	0.009149055732256828	0.09248527378833771	0.010620212416310235	0.013755665113378028
ATGATGCAATGGTACA-1	0.013020258156128192	0.7053409702179718	0.2362819515749762	0.001677191254146822	0.006592046283593068	0.018128249803754826	0.013336458766174989	0.005622873943254039
GAAACCGAATTACCTT-1	0.05142708277963068	0.44955467520544135	0.21638327101287463	0.03810832318929253	0.009048580863348733	0.18967146167304652	0.018699829813046014	0.027106775463319514
AGTGACCTACTTTACG-1	0.009243733099429467	0.38006870320008224	0.3232082996630128	0.000989823743001016	0.03680481348851155	0.17185050026991724	0.06888085019690941	0.008953276339136326
CAAATGTCCTTCCGTG-1	0.06402159293746122	0.49841447587165444	0.13484413004067866	0.022979954805537103	0.03341705633140112	0.20474171121043483	0.03448954689077875	0.007091531912053791
TTACTGGGATATTTCA-1	0.010923636969968164	0.5345234717792986	0.317631295519903	0.04074153682016375	0.009705399466808639	0.053160774324300164	0.008811449816125765	0.0245024353034319
CTTGCCCAGGCTCTAC-1	0.09058356367811071	0.4743332071778305	0.11911767816524559	0.08831430638108753	0.007298548112395464	0.18367592589955023	0.004830597435638731	0.03184617315014122
AAATCGTGTACCACAA-1	0.09710717042787094	0.6227723531435454	0.10685286040832565	0.038910732963699596	0.00430402275585258	0.09961575146154861	0.025360882606515433	0.005076226232641773
GTGATCATAGATCTGC-1	0.08827242734595526	0.5065849288094054	0.13749325000498286	0.0010920826036600617	0.005947803194682109	0.24946609921189106	0.004534943562851352	0.006608465266571844
TGGCAGATTACGATCA-1	0.15863221449942638	0.29289052583376507	0.1704549796849733	0.08919373037175812	0.010321329652569784	0.2649484077852456	0.004903900307389606	0.0086549118648721
TCACCCTCTTAAGATT-1	0.09153669791842818	0.3538232184084454	0.1937810411189732	0.04271900428271506	0.04651165025560262	0.257388717732891	0.004797171316191935	0.009442498966752578
CAGGATATATCGTTGT-1	0.12434394199847341	0.2113420874981209	0.3595325793873146	0.07459133145668279	0.013368461023939415	0.042897550855813225	0.02771207796475102	0.1462119698149046
CCTGACCACCGATGGT-1	0.09306114483680906	0.36225694947015996	0.1979212444933064	0.047045792394034475	0.008709632881219847	0.2740411425563608	0.006844018445538095	0.010120074922571385
CTAAAGGGAAATAGGA-1	0.092805562769299	0.2810812247290947	0.2216990341503493	0.07159199899259926	0.00913883924921774	0.16778679617298273	0.14265637974192039	0.01324016419453674
CCGCTATCAGCACCAG-1	0.1480277535579112	0.243241788813767	0.28784705069456845	0.005309474285873482	0.008467603281743032	0.2900212561243925	0.006489361058205505	0.010595712183538771
CTTTAGTGCTATTATT-1	0.05034496297860035	0.21843581218831132	0.2081596208871056	0.05079732850557877	0.009637846503047826	0.37208044221049275	0.07980382314272912	0.01074016358413427
CGGGAATTTATGTAAA-1	0.11918608967494557	0.03582698762451282	0.3777511137601925	0.1183707164624517	0.011450951275607805	0.31759166002820466	0.004912805466975246	0.014909675707109622
TACGACTGCCTCTTAG-1	0.06091345786432873	0.0685289595657016	0.6733212837233269	0.0005183204128528434	0.009629354888348722	0.15638872341889073	0.01448173792146227	0.016218162205088142
AAACTGCTGGCTCCAA-1	0.12354869300760273	0.045844829537461426	0.6224628326293051	0.06627978999715105	0.030614966846560135	0.08861419415623821	0.004966638500677072	0.017668055325004255
GTACGTTTGCCCGTCA-1	0.007115907629186266	0.027152327144233844	0.673048394031035	0.016947735922159018	0.0378364462400881	0.1066059254146236	0.11345244580086059	0.01784081781781347
GGCAAGGCGAAATAGC-1	0.007168278500758511	0.04259065556470163	0.24181032907202485	0.06032067754974289	0.30423387490462694	0.0940611065388729	0.2338894932552592	0.015925584614013017
GATCTTGGAGGGCATA-1	0.00682537553389457	0.04944843312390346	0.29126247761661933	0.01736503723830324	0.16505443571989117	0.05253442570211416	0.40140922126264866	0.016100593802625407
AGCGTGGTATTCTACT-1	0.20423400890612192	0.03754074480030431	0.45671206699822486	0.07610197899574532	0.09559200475124449	0.04394614346325404	0.060904364926425286	0.024968687158679673
CTAAGGGAATGATTGG-1	0.30520698805326807	0.02606568179495862	0.3863616294589614	0.10790324549174138	0.04994034465797023	0.0324538544922282	0.07831086683781838	0.0137573892130539
ATCACGTGCTAATTAA-1	0.07381866286152228	0.4103134801598149	0.18021608748318954	0.0016213193468498212	0.11814152950224896	0.04876848378650417	0.11576373673151932	0.05135670012835093
GGTGAAGTACAGGGAT-1	0.007802124006913712	0.3131350339965498	0.39036078761791854	0.0014700880175773957	0.14272941243847978	0.04798280482260722	0.08248407744556555	0.014035671654387964
GCTGTATTACTGGCCC-1	0.006693350158983848	0.045664462693090206	0.3207962643244347	0.027288638489422572	0.26460457084592903	0.06923818728865852	0.2485174080101033	0.017197118189377854
AACGGCCATCTCCGGT-1	0.10358147532631203	0.04568266439525464	0.30715462889318884	0.0905219072452916	0.20546056636117213	0.06030916776769646	0.17223215851881069	0.01505743149227363
TAAGTAACATCTTGAC-1	0.3535007917937529	0.0323030073719931	0.2981839849089539	0.07448517900014326	0.007409238845336074	0.1184438290983546	0.021559508078996873	0.09411446090246928
TTCTTGAGCCGCGCTA-1	0.3130416748209704	0.037253210019903664	0.402956353229567	0.03159080845094651	0.007209606802225421	0.12085349855138391	0.07327604008621925	0.013818808038783879
AGTGCGTAGCTCGTAA-1	0.20414993646121007	0.037778722168330524	0.2660088964379846	0.06134930107943026	0.009717576457654541	0.38131062602498556	0.00749430248823414	0.032190638882170344
GGGATGGTCGTAACCG-1	0.1775107254444199	0.11153035835215985	0.20672640131707162	0.020943293698085164	0.008885369883743518	0.459261975129339	0.0033018033302722664	0.0118400728449088
GTCTGGGCGGTCGAGA-1	0.11517968962044615	0.16154100405855432	0.19705132222031277	0.08041567500818195	0.010366385855881715	0.38407538438656985	0.037557133558693265	0.013813405291359973
CGGAACGTAAACATAG-1	0.010734222235340455	0.43014713322528764	0.29155240340816607	0.0012031919684081654	0.009559470342144707	0.21996544894711	0.00952553168823787	0.02731259818530515
TGCGACACCCTAGTGC-1	0.011837183784179606	0.5009634754998539	0.33029793912281014	0.001350889610313937	0.008909500559906691	0.026645245524377387	0.01106415854941836	0.10893160734914005
CAAACGAGTATCGCAG-1	0.026189237621570244	0.573755811555562	0.17357367818390873	0.11018448917091186	0.008941031159527076	0.0880978551399935	0.01186783266137945	0.007390064507147101
TCAGTAGGGACTATAA-1	0.01092596648809588	0.5335022125993019	0.18056662995238698	0.0013196868808470106	0.008075044024004122	0.24796045294359592	0.009802977591677963	0.007847029520090344
GCGGTTCCCTATCATG-1	0.011218017409437722	0.5789989686845646	0.22559047365817236	0.001166456224152696	0.07100939000976773	0.032055236833068095	0.01122752331294544	0.06873393386789145
GTGACTTCAGTAGTGC-1	0.016824292341211702	0.7961186511529186	0.13274690412180787	0.0014925988096954573	0.004808101110759659	0.0207511497024209	0.01884094972271342	0.008417353038472264
CGTCACGTCCATTGGT-1	0.03556199010365238	0.7031406530535163	0.18219047995396329	0.0013358343333213828	0.004761819761565705	0.06172249837412446	0.005354114688423489	0.005932609731433008
ATAAGTTACCGCGACG-1	0.09041713838496021	0.5684501572696492	0.14241610706598068	0.04076914063976262	0.008281394980527176	0.12236647721849556	0.02010210175518359	0.007197482685440992
CTGAATCCGAGACCTC-1	0.05943295905209663	0.5687097002926015	0.19915675622568646	0.001319413277155701	0.04508995842622801	0.059736182484972124	0.005583446724199626	0.060971583517060036
TACGACGCTTGCTGCG-1	0.026664664461250116	0.818792635891779	0.06714248912996194	0.017627783769250685	0.0033243238178846685	0.05970229739026921	0.003833644777527931	0.0029121607620763907
GAATTCACCCGGGTGT-1	0.07102598639073854	0.5268063431542176	0.15895195907205792	0.0513087833700801	0.006521141875816791	0.17244991267883614	0.006220223575155472	0.006715649883097435
GGGTGACACCTTAACT-1	0.045069540921296856	0.5256339232126636	0.22403984356682116	0.01904052970292673	0.007669769721716297	0.15341997676955665	0.010678729987578862	0.014447686117439792
TGAGTAAATTAGCGTA-1	0.07018406973446573	0.5187010267608058	0.1460747298588437	0.03893558536354182	0.00805434911804273	0.20115158478561196	0.010079250950725784	0.006819403427962599
GAGTCCGCTTACCGGA-1	0.11197521606256272	0.4981433393882187	0.1313872780568221	0.06025362342969589	0.0085934677785225	0.15541696879125158	0.02683544332687168	0.007394663166054825
GGCGCGTTCGAGTTTA-1	0.1600366231206547	0.5490454168129494	0.07888370607953098	0.05497616647017717	0.004975006247677504	0.14175565366910176	0.0029954916652843735	0.0073319359346241016
ATTCATATACTGTCCA-1	0.16176110085735387	0.2942677979798151	0.20962967440855648	0.03147923151898875	0.006773851160390084	0.16781537549996695	0.06204146396330401	0.06623150461162465
ATAAACGGACCCGTAA-1	0.15946675816638148	0.17420278992023824	0.3035138030263146	0.10419972454017729	0.010503259339024181	0.22882488703459206	0.0061960889974149525	0.013092688975857348
GTCGTACCATCTCGGG-1	0.2947173342202074	0.23514944046503383	0.1206985444150876	0.03184201819916516	0.0066558147084429	0.2975672783430877	0.0037640675326601103	0.009605502116315284
ATAATAGCTGTTGAAT-1	0.0749061325219789	0.19234325714560263	0.20785545295521488	0.07304827929918328	0.012487341501170778	0.40829275200893	0.004715497067587494	0.026351287500332124
TTCCGCGTGAGGCGAT-1	0.30873689122863957	0.048147874942034846	0.22877407625656618	0.030310993888893523	0.008532069772348714	0.34830072334898676	0.01291770704997755	0.014279663512552812
TACCGGCTCACTGCCC-1	0.21770873865324364	0.04007565358257599	0.27140809449986003	0.11346053569257654	0.009694667743235548	0.33233433594751893	0.0043768145929905305	0.010941159287998829
GTATCTTTCATAACCA-1	0.011235948601472008	0.036224907523213654	0.5535998834034136	0.04045090560068954	0.02008334288161489	0.30952030026140176	0.012247975769706905	0.016636735958487723
GTTACCTACAACTTGC-1	0.09871695577129136	0.04862012197842633	0.3933162697554669	0.0467755516086257	0.04993232322792034	0.27412763557405984	0.07686463349936626	0.011646508584843257
TGACTATAATCCTTTC-1	0.08587248897255549	0.05096664346355003	0.5010500945568269	0.06171073671181296	0.039946488485919036	0.058708612303778655	0.1832817635241296	0.01846317198142739
AAATACCTATAAGCAT-1	0.03266147809929589	0.04707906485823186	0.19801904354026692	0.043560369951586624	0.22220828054160247	0.14834872105195412	0.29256669282005004	0.01555634913701195
TTATTAGAGCGTGTTC-1	0.034633326308583255	0.04027923873100193	0.29914872934709225	0.054144107786642644	0.2203737432257925	0.08275377175714403	0.2527083208857249	0.015958761958018357
ATGTGGACATCTTGAT-1	0.2026116116245022	0.031151935509585137	0.5011030399031872	0.021720499007960675	0.04700183510787108	0.03799560055228891	0.1426244418539772	0.015791036440627414
GTACGCTTCATTGCAC-1	0.12419571337447223	0.023427848889290847	0.6029850802866084	0.1250570374679089	0.011810108820006073	0.0701628790235211	0.003305454015249532	0.039055878122942964
CACATATTAGCAGGAT-1	0.12606426802190893	0.032572219367797806	0.5378124101508638	0.08714631809160615	0.023025319308599478	0.08325757953573741	0.004074649507879296	0.10604723601560713
CAAGAGGGCGGAGTAC-1	0.2784598528835206	0.03126352455536477	0.5145375279421686	0.07575430241206724	0.007222925236904325	0.031111788595020763	0.018466029175797604	0.04318404919915628
TCGCAAAGATGCATTT-1	0.2571485868066138	0.02999919577358878	0.46192306366152697	0.019414658896433186	0.05305796437496523	0.03659702186158129	0.03586372097829389	0.1059957876469968
GTCGTTATTCGCTTAT-1	0.1870782751889751	0.025452039357433474	0.5668857813967677	0.07661442768650285	0.03238117039563273	0.048977646317352394	0.023176411985730415	0.03943424767160522
CGGTGCGCGTTGGTCC-1	0.11246429483393923	0.03494232248029855	0.2432628795787269	0.012548426871079288	0.330086962272441	0.10203099220074226	0.13433929260754002	0.03032482915523285
GTGATTCGCCGCTCAA-1	0.01266658786688	0.042137042191223904	0.6504897628423482	0.1125990002633394	0.022809534313923425	0.07796701866410656	0.06416172759801143	0.017169326260167095
GCCCGCGCGTAAACGG-1	0.16031472385818343	0.02506357730307277	0.5032094478977073	0.15590431081475897	0.009912055396197236	0.06922635576067769	0.06127950261256392	0.015090026356838787
AACGTACTGTGGGTAC-1	0.26097766105740544	0.023855505795652085	0.30426621354473266	0.009335801705693883	0.008916519812246646	0.3297449310289398	0.005857799836628722	0.057045567218700716
GAGTATGCCCGCCTTG-1	0.2009014739885335	0.025959463804162232	0.3485675971593505	0.02300990350269565	0.008628928877692524	0.35343571316374706	0.0028131155609550105	0.0366838039428636
TGATTCTGTCGCCGGT-1	0.08903579982979558	0.38287977722459304	0.2593066999315346	0.001668707340541345	0.010722282380786118	0.15754401077615648	0.029207601314538124	0.06963512120205474
GGGCGGCAAATGAATT-1	0.13016082059459114	0.25807041340870807	0.22560435284641997	0.031137226698641798	0.010240089686443729	0.3003885510436189	0.02369370234713678	0.020704843374439726
TTCCAATCTGGCTATC-1	0.010064247209394413	0.4317008788283276	0.33161803824725133	0.001134899213667587	0.008176845045012175	0.19889550648937743	0.009341497660388626	0.00906808730658097
GGAACCGTGTAAATTG-1	0.08491521951685095	0.572989843025585	0.22859361695348418	0.028751551983297936	0.031360230521966626	0.032755881224395635	0.012069388699025086	0.008564268075394515
TTGGTCACACTCGTAA-1	0.011885087608971185	0.573027296810128	0.19097073162679806	0.0014350343077745304	0.007786284420120859	0.14253425770939612	0.01111468384102532	0.06124662367578609
CGAACCCGCATGCGTC-1	0.011015709182424975	0.7185426464212915	0.19160354199951382	0.001310464787111681	0.016254207559109564	0.021041147943570315	0.020019603381791335	0.02021267872518694
GGGCGTCACCACGTAA-1	0.010790539515011112	0.7434199070544572	0.18772531540193774	0.001371811474984205	0.005635384067514745	0.019257736821880752	0.020682425166877873	0.011116880497336551
TACCAGAAGTAGGTTC-1	0.0409718934840377	0.6372783647052358	0.13261277710946148	0.0011648496256622977	0.022562027325067263	0.12185594855861856	0.037607684877837715	0.005946454314079145
TTGGATATCGTCTACG-1	0.02308631154434746	0.5404789270678542	0.37989748690418856	0.009100388242205737	0.007420644600352508	0.01855323726976798	0.013199809550697326	0.00826319482058641
TAGATATGGACTGGAA-1	0.021140366397909383	0.5496319364744321	0.22068405055214954	0.08934811492183453	0.011207001825368395	0.09206859641610404	0.007277793409388441	0.008642140002813587
GCGACGATAGTTGTAC-1	0.09304787913425483	0.4106298672413868	0.19629104455979324	0.03546544067330954	0.006635223770076637	0.1615182233767075	0.08862974437700512	0.007782576867466374
CTGGATTTACACTTGA-1	0.06174975430868017	0.4023279520738917	0.2701935046797829	0.08269755320662235	0.006736086075753215	0.056021795601270255	0.00573278717036662	0.11454056688363265
GTTATATTATCTCCCT-1	0.0320200758310299	0.4168451610884497	0.22465949235236163	0.04526143700746842	0.009565911553022307	0.22524547993168595	0.03361306130487359	0.012789380931108593
TATTCCACTCAGCTCG-1	0.007480525835369221	0.7944403306612291	0.11486321865084977	0.06004176596636272	0.003742637049158686	0.01221070790949387	0.003436825189501106	0.0037839887380356043
CTGTTACCCAATCTAG-1	0.010488158050984636	0.4150057296852489	0.3138221769404506	0.04594128549661468	0.007540300745793613	0.1888266271955753	0.009431990538785042	0.008943731346547206
ACGCGAAGTCAGACGA-1	0.009292177333167314	0.2978813248934796	0.2614033579201665	0.07677787765601933	0.009967026286096168	0.32730869558885506	0.007177254798879556	0.010192285523336404
GATAGGTAACGTTGAC-1	0.12195667447124137	0.26901800110051755	0.26385414782330335	0.12365176775839767	0.009736780172525142	0.1830176324387024	0.01715088407545011	0.011614112159862428
TGTTCGTATTGCGGTG-1	0.009137850846065915	0.2865008638470338	0.42199902101192893	0.0775895250413094	0.018136326299163716	0.1568363353832388	0.017972489368426617	0.011827588202832924
GGTCAGTGGGTCCCAC-1	0.046816410597707754	0.27165501531005076	0.167201258622313	0.041934540299773775	0.05158965359445095	0.33148527341641154	0.07846828326744702	0.010849564891845232
AATTCTAGAGTTAGGC-1	0.11329444736653521	0.2991744880714474	0.20038150959656398	0.061527843971014705	0.010604914745166566	0.27664784620088656	0.018454997996140386	0.019913952052245297
GTTTACGTTCCATCTG-1	0.1909314896296654	0.046624449291484356	0.200519943048782	0.06851534061637157	0.010064822817332852	0.43666221422582624	0.003681024909679255	0.043000715460858145
AGACCCACCGCTGATC-1	0.1114870248921646	0.028139331347737048	0.47448123313798585	0.04775346325361202	0.008563056010549023	0.1985708266148619	0.02806761593198772	0.10293744881110187
TCTAGCATGCCCAGAA-1	0.10378180980060123	0.030171600234368046	0.5101583475687383	0.08444489196268588	0.009681803691193938	0.24507055767127095	0.003692933491606397	0.012998055579535225
CCCGCAGCGCGAACTA-1	0.08394705928803926	0.03733172162939364	0.477090931894814	0.09837457283102151	0.0876028953856185	0.056954672092357876	0.09680722186326417	0.06189092501549113
CTCTATTTGGCTGCAG-1	0.012292468065209493	0.04635213820785709	0.4676453011284039	0.02171002461487097	0.20778885027551464	0.1387751530489223	0.09259154839333487	0.012844516265886818
TTCTGCCGCGCCTAGA-1	0.006606031008801725	0.051332737820521036	0.30078625832827455	0.002966634137195227	0.3391601182856311	0.07792218085395852	0.1743443618028368	0.046881677762781
ACTCCCTAGAATAGTA-1	0.09676677493496015	0.03148781407861395	0.5540491895820703	0.05556161741861489	0.08110802368562252	0.0464538994248812	0.07939508534815011	0.05517759552708695
CCGAACCTTCCCGGCC-1	0.09933845889758265	0.04045339298338924	0.3609276255060069	0.06571655712512044	0.07047827014710939	0.03704549888183455	0.20716969737986524	0.11887049907909153
TCAGACGCTATAGAAG-1	0.0860522561484823	0.04268150518475413	0.3149186622336217	0.08902023873111944	0.0451685345728522	0.02851648409364512	0.3228203320535491	0.07082198698197618
CAGGCGCCATGCTAGG-1	0.3454403014117628	0.026355762558810215	0.205993205701763	0.05916740987146081	0.033848467556574	0.03688212220375396	0.11971926535129546	0.1725934653445798
CACTCGAGCTGAACAA-1	0.16599297447246492	0.025245410213279428	0.4947217727668684	0.08685610810626766	0.007745892606983763	0.02919986645488613	0.10953802399433775	0.08069995138491191
ACAAGGAAATCCGCCC-1	0.22594786888470628	0.02116170724685662	0.32475375479442886	0.05747179746567054	0.006731230796406882	0.02340238815636735	0.20502238041708634	0.13550887223847724
ACCACGTGCAGCTATA-1	0.17886931861429306	0.027872227028191695	0.4073366309964433	0.018558306981045065	0.05272146151543299	0.03311265987328907	0.22865075929590056	0.05287863569540437
ACGGCGACGATGGGAA-1	0.14945339808436933	0.01973121860939137	0.36710151132113233	0.024352298762707187	0.007797696047680912	0.026869432043206517	0.13578666178884122	0.2689077833426711
ACAGGTGGAGGTGAGG-1	0.03127923881728686	0.049772787524654236	0.23834970585180304	0.002307021352591667	0.23688529647552858	0.06271266314648864	0.36208272515747336	0.016610561674173643
TGCGAGAATATTACCC-1	0.12836251925143236	0.03274379413106875	0.3763102628859141	0.01265552709410814	0.19456894854929593	0.06499573870366357	0.1641545855503088	0.026208623834208394
